3
2
2
6
3
3
4
2
2
3
5
6
2
2
6
6
5
8
5
2
4
4
3
1
5
1
4
4
1
2
1
1
3
6
2
1
3
3
1
8
3
5
3
7
8
1
2
1
2
1
4
11
8
5
7
6
10
2
11
3
6
9
9
4
7
4
6
5
3
1
2
9
5
4
8
3
12
11
4
3
9
3
1
5
4
3
1
4
2
6
2
2
3
6
4
1
3
5
3
1
6
2
6
3
1
7
6
1
1
1
3
3
3
4
4
2
2
1
2
1
1
3
3
4
3
3
2
3
2
1
3
2
4
5
4
1
3
3
2
2
1
2
1
5
3
5
5
3
2
2
3
2
5
2
3
2
1
6
2
6
1
1
3
4
1
6
4
1
3
4
4
4
2
2
2
2
2
5
4
3
1
7
7
1
3
5
1
2
2
2
6
2
2
4
3
2
1
1
3
1
2
1
4
1
4
3
1
2
3
2
4
5
5
5
4
1
1
1
2
4
2
2
3
2
4
1
1
3
3
2
2
1
1
3
2
2
1
3
1
2
1
1
2
1
