244 386
137 138
137 136
189 191
189 237
189 190
189 235
189 234
189 238
189 236
189 188
36 35
36 38
36 34
36 154
36 156
36 157
36 37
36 243
36 33
36 155
46 47
46 117
46 45
46 118
72 73
72 71
200 203
200 201
200 0
200 202
200 1
35 38
35 34
35 37
35 33
159 49
159 160
159 51
159 53
159 48
159 50
159 52
159 158
208 207
15 16
192 110
192 105
192 107
192 193
192 108
192 106
192 109
172 97
172 173
172 149
172 67
172 66
172 98
172 65
172 99
172 148
172 171
181 175
181 179
181 178
181 174
181 176
181 91
181 180
181 177
181 92
181 93
181 90
7 6
7 9
7 8
20 21
20 24
20 19
20 23
20 22
97 96
97 100
97 101
97 98
97 99
186 184
186 185
186 187
186 182
186 183
21 24
21 19
21 23
21 22
49 160
49 51
49 53
49 48
49 50
49 52
49 158
81 79
81 78
81 82
81 84
81 80
81 83
18 17
31 32
31 30
31 29
38 34
38 37
38 243
38 33
197 195
197 194
197 196
11 10
11 12
231 232
231 233
231 230
173 149
173 67
173 66
173 147
173 65
173 148
173 171
13 114
13 14
218 214
218 219
218 215
218 53
218 217
218 216
47 117
47 45
47 118
128 129
128 126
128 127
195 194
195 196
191 237
191 190
191 235
191 234
191 238
191 236
191 188
73 71
114 115
114 116
114 14
214 219
214 215
214 53
214 48
214 217
214 216
203 201
203 0
203 202
203 1
205 156
205 206
205 204
110 105
110 107
110 193
110 104
110 108
110 102
110 106
110 103
110 109
129 126
129 127
201 0
201 202
201 1
126 127
164 166
164 165
164 169
164 167
164 170
164 43
164 168
112 210
112 209
112 113
112 111
112 211
34 37
34 33
26 25
237 190
237 235
237 234
237 238
237 236
237 188
175 179
175 178
175 174
175 176
175 91
175 180
175 177
175 92
175 93
175 90
154 156
154 157
154 37
154 155
190 235
190 234
190 238
190 236
190 188
199 198
199 220
199 221
5 2
5 4
5 3
115 116
184 185
184 187
184 182
184 183
2 4
2 3
179 178
179 174
179 176
179 91
179 180
179 177
179 92
179 93
179 90
235 234
235 69
235 238
235 236
235 188
235 68
156 157
156 37
156 206
156 204
156 155
228 229
157 155
210 209
210 113
210 6
210 9
210 111
210 211
27 28
4 3
105 107
105 193
105 104
105 108
105 102
105 106
105 103
105 109
198 220
198 221
107 193
107 104
107 108
107 102
107 106
107 103
107 109
79 78
79 82
79 84
79 80
79 83
61 59
61 122
61 174
61 60
61 123
75 77
75 74
75 225
75 76
75 226
75 227
234 238
234 236
234 188
166 165
166 169
166 167
166 170
166 168
131 134
131 135
131 133
131 130
131 132
193 108
193 106
193 109
149 67
149 150
149 66
149 147
149 148
149 171
209 113
209 111
209 211
232 233
232 230
219 215
219 53
219 217
219 216
117 45
117 118
141 140
141 139
24 19
24 23
24 22
161 163
161 162
120 40
120 39
120 119
104 108
104 102
104 106
104 103
104 109
165 169
165 167
165 170
165 168
70 69
70 68
224 222
224 223
113 111
113 124
113 211
144 143
144 145
144 142
144 146
241 243
241 242
55 220
55 54
55 221
55 56
37 33
37 155
206 204
240 239
42 44
42 41
42 43
153 152
153 151
45 118
96 100
96 101
96 98
96 99
85 86
85 87
85 89
85 88
215 53
215 48
215 217
215 216
67 66
67 147
67 65
67 148
67 171
160 51
160 53
160 48
160 50
160 52
160 158
40 39
40 119
10 12
121 122
121 123
39 119
138 136
69 68
69 92
222 223
44 41
44 43
134 135
134 133
134 130
134 132
220 221
220 56
54 221
54 56
150 147
150 148
221 56
94 95
63 62
63 64
0 202
0 1
135 133
135 130
135 132
59 122
59 60
59 123
51 53
51 48
51 50
51 52
51 158
77 74
77 225
77 76
77 226
77 227
238 236
238 188
163 162
143 145
143 142
143 146
213 212
86 87
86 89
86 88
152 151
66 147
66 65
66 148
66 171
87 89
87 88
6 9
6 8
62 64
32 30
32 29
100 101
100 98
100 99
41 43
202 1
53 48
53 50
53 52
53 217
53 158
74 225
74 76
74 226
74 227
185 187
185 182
185 183
78 82
78 84
78 80
78 83
122 60
122 123
9 8
108 102
108 106
108 103
108 109
19 23
19 22
225 76
225 226
225 227
169 167
169 170
169 43
169 168
89 88
48 50
48 52
48 217
48 158
236 188
147 148
147 171
194 196
82 84
82 80
82 83
101 98
101 99
50 52
50 158
133 130
133 132
140 139
111 211
52 158
84 80
84 83
98 99
98 171
187 182
187 183
76 226
76 227
102 106
102 103
102 109
178 174
178 176
178 91
178 180
178 177
178 92
178 93
178 90
30 29
174 176
174 91
174 180
174 177
174 92
174 93
174 90
174 60
176 91
176 180
176 177
176 92
176 93
176 90
91 180
91 177
91 92
91 93
91 90
167 170
167 168
226 227
106 103
106 109
180 177
180 92
180 93
180 90
217 95
217 216
124 125
243 242
170 168
130 132
177 92
177 93
177 90
80 83
211 145
57 58
145 142
145 146
142 146
65 171
99 171
103 109
23 22
92 93
92 90
93 90
233 230
60 123
182 183
148 171
