94 449
79 70
2 3
85 86
9 54
62 1
62 66
45 46
61 23
47 51
79 81
29 34
28 32
40 41
31 39
24 55
20 25
65 68
84 85
63 52
6 13
80 81
83 90
62 67
21 22
14 17
29 36
80 82
14 79
71 72
18 61
69 71
86 87
64 73
20 24
61 66
38 40
17 27
53 22
32 41
6 8
68 73
17 22
83 89
87 88
30 39
14 75
11 54
16 26
62 69
64 79
1 4
22 23
34 41
84 86
61 3
65 67
61 67
83 84
62 65
61 62
30 37
78 82
56 57
32 35
8 11
51 55
30 82
62 72
52 12
53 12
21 68
28 36
18 70
65 69
93 4
63 1
15 20
61 69
30 41
17 8
79 40
35 36
18 27
34 37
60 66
84 87
16 73
24 25
86 88
37 82
10 11
1 54
38 41
10 12
61 68
16 20
86 91
31 32
83 88
66 68
61 64
32 37
37 41
67 71
16 27
18 19
7 85
6 7
14 19
11 13
93 89
59 73
64 38
66 69
32 36
37 39
15 27
59 63
34 39
21 25
28 35
15 16
74 33
30 33
17 26
16 19
30 40
14 15
17 78
66 89
12 26
60 65
34 36
49 12
28 33
67 1
67 70
34 38
21 24
15 25
28 30
86 89
32 39
76 80
17 19
19 23
51 25
23 25
17 21
66 70
79 82
83 87
33 37
79 25
20 79
86 90
56 91
62 41
76 79
8 13
21 55
14 23
15 7
23 24
77 78
56 58
60 72
79 26
15 18
66 67
8 10
14 65
65 73
20 22
77 82
67 73
10 4
8 12
15 19
30 31
31 40
64 55
0 3
31 35
24 27
63 70
87 90
52 55
29 31
15 3
54 55
63 69
26 27
33 77
9 2
59 68
37 40
45 58
74 78
71 73
37 38
81 26
18 20
15 23
75 77
7 8
29 37
18 79
1 24
60 73
34 35
28 40
75 30
3 73
74 80
35 40
31 34
92 93
15 9
65 11
75 18
49 10
11 12
7 55
76 23
55 91
70 71
50 53
8 9
76 67
9 12
31 38
31 36
20 23
57 12
17 20
68 26
17 23
75 81
52 8
83 85
14 27
14 24
48 55
6 9
50 2
60 67
29 33
38 39
4 91
50 51
59 64
33 34
67 72
14 18
14 21
53 9
7 64
49 54
51 3
51 22
78 81
75 78
16 55
29 30
69 73
22 69
47 15
59 46
19 20
75 79
75 50
14 64
44 27
87 91
59 65
63 73
62 63
60 62
47 53
76 54
49 9
61 72
76 21
21 27
8 55
0 50
19 22
58 1
78 80
50 88
28 29
28 39
30 35
62 70
51 53
35 38
19 25
15 21
0 46
19 21
32 40
16 18
77 81
36 37
66 73
74 76
3 55
32 33
85 87
30 38
19 24
74 38
22 24
39 40
18 22
6 11
5 11
63 72
72 73
84 90
47 50
7 10
52 73
5 55
47 54
47 56
39 41
24 26
9 11
30 34
64 67
25 44
93 3
42 43
74 82
17 89
65 72
36 41
22 27
9 13
67 69
14 22
16 22
46 3
7 9
50 26
69 72
15 44
4 55
47 48
47 9
37 72
47 45
36 38
19 73
48 53
17 70
85 88
29 40
17 25
79 71
36 40
20 21
76 20
71 44
33 36
62 64
30 36
8 93
48 13
35 39
19 27
0 72
32 34
23 26
29 41
17 24
75 82
16 79
36 39
5 10
5 9
76 81
57 86
47 7
74 75
77 80
61 71
57 89
22 25
66 72
29 32
6 10
76 18
67 68
16 25
48 54
29 35
47 19
25 26
64 72
20 27
14 16
33 39
16 24
33 35
21 23
74 81
49 50
65 70
84 10
53 54
14 25
28 68
33 40
83 86
65 66
16 17
5 51
3 12
20 26
23 27
17 18
0 55
65 10
31 33
22 26
31 37
79 80
5 6
28 41
85 90
0 2
47 14
55 13
33 41
18 24
21 26
61 65
60 71
88 90
76 82
2 69
64 39
60 79
18 44
48 10
59 62
49 45
84 88
12 72
14 20
15 26
25 27
18 25
35 41
47 55
5 13
61 73
19 26
64 68
31 41
34 40
29 39
