68
131
44
147
84
227
134
134
187
86
36
182
212
173
101
98
181
90
4
139
181
104
38
146
130
238
27
85
73
5
185
141
81
245
195
22
237
178
110
113
113
203
40
130
192
232
158
160
54
259
237
248
35
56
25
24
133
222
195
54
35
177
162
76
123
242
61
20
80
36
216
79
72
178
250
110
199
192
56
123
200
75
46
125
148
121
188
178
94
220
115
9
45
182
180
207
154
237
182
183
102
74
56
135
68
136
43
229
198
105
42
212
245
181
15
161
1
103
14
123
181
186
64
68
211
83
104
121
115
192
7
146
5
14
94
53
133
169
205
166
221
149
47
234
159
20
229
221
242
31
78
94
59
223
248
158
17
64
173
90
59
154
115
241
178
11
80
35
182
100
5
77
34
11
8
156
66
29
232
143
244
78
253
246
242
22
97
37
9
54
243
241
108
143
107
78
229
166
88
9
117
80
175
3
13
52
195
9
70
179
187
129
62
109
128
84
101
7
104
162
2
152
94
128
48
62
141
202
183
125
195
207
187
99
36
87
195
43
229
7
82
164
22
193
85
198
166
81
142
76
75
120
66
99
26
42
127
17
37
49
24
80
12
18
10
26
