95
184
174
68
166
61
132
145
222
202
119
200
176
192
135
184
150
51
201
98
228
5
142
2
171
145
138
33
133
113
188
107
15
209
88
48
139
98
60
52
56
161
247
125
64
20
83
133
87
137
75
250
184
226
41
82
97
134
184
45
196
182
210
24
55
136
125
42
175
11
145
107
1
77
12
150
21
159
236
100
21
75
185
152
58
167
215
93
162
148
35
40
148
158
160
149
114
150
75
161
188
36
81
121
88
197
16
197
177
164
67
182
18
172
26
11
135
146
78
88
35
206
23
75
225
12
131
176
186
191
87
66
48
78
13
147
4
169
32
124
191
199
85
13
171
168
77
7
50
20
150
168
164
116
149
144
17
33
216
51
104
165
81
14
4
70
157
16
16
126
8
109
205
39
85
8
55
75
134
201
179
101
198
134
138
85
136
186
231
203
239
235
228
44
176
105
24
7
76
168
185
174
27
107
187
210
3
179
5
5
70
138
120
138
214
39
22
66
34
13
88
209
16
235
129
8
199
71
125
19
171
141
213
186
128
80
171
7
56
136
118
214
114
3
199
106
53
120
118
18
86
142
86
103
2
37
109
81
34
17
5
63
51
29
8
9
