63
73
79
169
31
113
142
50
223
99
111
20
89
138
111
125
144
76
6
212
238
135
26
121
104
93
4
97
27
140
122
125
226
56
224
78
221
158
215
111
44
210
133
239
175
239
96
68
49
38
156
129
31
50
25
56
3
14
31
103
133
31
71
225
121
162
113
206
64
105
107
223
230
172
56
176
76
67
178
211
220
185
111
60
259
69
101
72
12
23
121
142
42
74
72
110
252
225
182
255
224
64
190
193
243
211
201
91
153
92
47
74
97
67
109
176
131
186
20
67
35
72
18
175
27
78
121
140
47
86
46
161
215
162
65
58
179
39
175
64
58
143
159
85
141
43
18
51
74
48
70
60
183
216
244
16
221
184
38
231
189
253
46
190
166
64
102
59
203
101
19
122
117
243
134
38
203
143
189
122
226
87
223
85
170
147
140
21
33
239
248
197
100
61
207
165
233
71
175
74
146
59
117
27
138
64
24
213
114
44
148
2
164
43
15
73
67
142
27
157
85
80
223
244
43
48
124
88
222
115
71
205
104
91
105
32
195
50
234
54
20
4
145
30
193
98
106
53
62
14
102
120
87
7
51
18
3
14
66
65
30
103
79
38
8
16
