7
5
3
2
2
1
5
5
44
29
8
10
54
28
46
26
34
36
7
22
11
5
47
21
18
11
5
48
1
53
47
25
24
6
4
6
2
5
3
4
2
7
5
17
30
2
38
2
21
24
8
9
11
16
35
10
43
50
10
11
8
2
12
27
9
24
33
38
7
15
3
7
11
11
4
1
6
8
2
2
27
1
22
5
20
17
5
1
25
5
7
1
1
1
2
4
2
1
2
4
1
2
2
14
3
2
3
1
3
4
1
1
2
1
1
4
2
2
1
3
9
1
2
1
1
3
3
2
2
2
3
1
1
3
2
1
1
1
3
5
3
2
1
2
1
2
1
1
2
1
2
1
1
1
1
1
1
1
1
1
1
1
1
1
1
1
1
1
1
1
1
1
1
1
1
1
1
1
1
1
1
1
1
1
1
1
1
1
1
1
