1
6
1
7
2
6
3
8
36
26
23
13
4
2
41
13
22
14
3
27
2
3
11
36
7
1
2
44
17
2
35
16
2
17
4
2
3
3
1
2
3
9
33
43
52
42
50
26
26
32
40
13
2
27
46
46
17
44
42
10
4
8
19
8
16
16
12
36
5
44
3
7
5
7
7
2
4
1
8
3
28
39
9
21
2
14
5
5
26
8
9
2
1
1
4
5
2
6
1
1
5
6
1
11
1
2
1
1
3
2
3
4
4
2
1
1
5
1
4
1
11
1
2
1
2
2
2
1
2
2
3
1
1
4
2
3
1
2
5
6
1
3
1
1
2
1
1
1
1
2
2
1
1
1
1
1
1
1
1
1
1
1
1
1
1
1
1
1
1
1
1
1
1
1
1
1
1
1
1
1
1
1
1
1
1
1
1
1
1
1
