2
5
3
4
6
6
7
28
21
3
56
4
15
33
2
41
38
24
43
11
14
17
28
25
9
17
3
11
10
12
2
2
38
13
5
6
2
1
1
2
1
6
24
49
51
18
40
8
24
28
3
8
10
12
14
37
18
43
13
5
19
1
58
31
41
1
54
33
5
21
8
4
3
3
7
6
2
4
5
7
21
39
33
10
4
38
2
2
23
6
2
2
2
3
3
1
3
6
3
2
1
6
3
9
1
1
1
3
4
1
1
1
2
2
2
3
4
2
1
2
7
1
1
3
2
3
1
2
2
2
1
1
3
4
3
1
2
4
2
2
1
2
2
2
1
2
1
1
1
2
1
1
1
1
1
1
1
1
1
1
1
1
1
1
1
1
1
1
1
1
1
1
1
1
1
1
1
1
1
1
1
1
1
1
1
1
1
1
1
1
