190 3901
0 14
0 93
0 99
0 126
0 148
0 169
2 11
2 13
2 20
2 21
2 24
2 33
2 36
2 37
2 51
2 58
2 65
2 69
2 79
2 91
2 96
2 101
2 111
2 131
2 143
2 145
2 155
2 156
2 163
2 177
2 180
2 181
2 186
3 12
3 55
3 102
3 104
3 134
4 11
4 24
4 35
4 36
4 38
4 43
4 44
4 46
4 48
4 52
4 53
4 58
4 65
4 66
4 85
4 87
4 100
4 107
4 118
4 121
4 127
4 129
4 135
4 138
4 143
4 144
4 147
4 155
4 156
4 158
4 163
4 164
4 167
4 177
4 183
4 188
6 11
6 20
6 36
6 58
6 69
6 74
6 143
6 150
6 155
6 163
6 177
6 188
7 15
7 30
7 72
7 76
7 88
7 149
7 151
7 160
11 13
11 16
11 20
11 24
11 26
11 33
11 35
11 36
11 37
11 38
11 43
11 44
11 46
11 48
11 51
11 52
11 53
11 58
11 61
11 65
11 66
11 69
11 74
11 79
11 91
11 94
11 96
11 100
11 101
11 107
11 111
11 118
11 121
11 127
11 129
11 135
11 138
11 143
11 145
11 147
11 150
11 155
11 156
11 158
11 163
11 164
11 177
11 180
11 183
11 188
12 55
12 104
12 134
13 16
13 20
13 21
13 24
13 26
13 33
13 35
13 36
13 37
13 38
13 43
13 44
13 46
13 48
13 51
13 53
13 58
13 61
13 65
13 66
13 69
13 74
13 79
13 91
13 94
13 96
13 100
13 101
13 107
13 111
13 118
13 121
13 127
13 129
13 135
13 138
13 143
13 145
13 147
13 155
13 156
13 163
13 164
13 165
13 177
13 179
13 180
13 183
13 188
14 93
14 99
14 126
14 148
14 169
15 22
15 30
15 72
15 76
15 82
15 88
15 149
15 151
15 160
16 20
16 24
16 26
16 33
16 35
16 36
16 37
16 43
16 44
16 48
16 51
16 53
16 65
16 79
16 91
16 96
16 101
16 107
16 109
16 111
16 118
16 121
16 127
16 129
16 131
16 135
16 137
16 138
16 145
16 147
16 156
16 163
16 177
16 178
16 180
16 183
16 188
17 84
19 60
19 105
19 166
20 21
20 24
20 26
20 33
20 35
20 36
20 37
20 38
20 43
20 44
20 46
20 48
20 51
20 53
20 58
20 61
20 65
20 66
20 69
20 74
20 79
20 91
20 94
20 96
20 100
20 101
20 107
20 109
20 111
20 118
20 121
20 127
20 129
20 131
20 135
20 137
20 138
20 143
20 144
20 145
20 147
20 150
20 155
20 156
20 163
20 164
20 165
20 177
20 178
20 179
20 180
20 183
20 188
21 33
21 37
21 58
21 69
21 91
21 96
21 131
21 155
21 180
21 181
21 186
22 30
22 72
22 76
22 82
22 149
22 160
23 56
23 113
23 119
23 157
23 175
24 26
24 33
24 35
24 36
24 37
24 38
24 43
24 44
24 46
24 48
24 51
24 52
24 53
24 61
24 65
24 66
24 69
24 74
24 79
24 86
24 91
24 94
24 96
24 100
24 101
24 107
24 109
24 111
24 118
24 121
24 127
24 129
24 135
24 138
24 144
24 145
24 147
24 156
24 158
24 163
24 164
24 165
24 177
24 179
24 180
24 183
24 186
24 188
25 27
25 71
26 33
26 35
26 36
26 37
26 43
26 44
26 48
26 51
26 53
26 65
26 79
26 91
26 96
26 101
26 107
26 109
26 111
26 118
26 121
26 127
26 129
26 131
26 135
26 137
26 138
26 145
26 147
26 156
26 163
26 177
26 178
26 180
26 183
26 188
27 71
28 70
28 165
29 73
29 162
29 184
30 72
30 76
30 82
30 88
30 149
30 151
30 160
31 103
33 35
33 36
33 37
33 38
33 43
33 44
33 46
33 48
33 51
33 53
33 58
33 61
33 65
33 66
33 69
33 74
33 79
33 91
33 94
33 96
33 100
33 101
33 107
33 111
33 118
33 121
33 127
33 129
33 135
33 138
33 143
33 145
33 147
33 155
33 156
33 163
33 164
33 165
33 177
33 179
33 180
33 183
33 188
34 41
34 95
34 106
34 114
35 36
35 37
35 38
35 43
35 44
35 46
35 48
35 51
35 52
35 53
35 58
35 61
35 65
35 66
35 69
35 74
35 79
35 91
35 94
35 96
35 100
35 101
35 107
35 109
35 111
35 118
35 121
35 127
35 129
35 135
35 138
35 143
35 145
35 147
35 156
35 158
35 163
35 164
35 165
35 177
35 179
35 180
35 183
35 188
36 37
36 38
36 39
36 43
36 44
36 46
36 48
36 51
36 52
36 53
36 58
36 61
36 65
36 66
36 74
36 79
36 91
36 94
36 96
36 100
36 101
36 107
36 109
36 111
36 118
36 121
36 127
36 129
36 131
36 135
36 137
36 138
36 143
36 145
36 147
36 150
36 155
36 156
36 158
36 163
36 164
36 177
36 178
36 179
36 180
36 183
36 188
37 38
37 43
37 44
37 46
37 48
37 51
37 53
37 61
37 65
37 66
37 74
37 91
37 96
37 100
37 101
37 107
37 109
37 111
37 118
37 121
37 127
37 129
37 131
37 135
37 138
37 147
37 156
37 163
37 164
37 165
37 177
37 179
37 180
37 183
37 186
38 43
38 44
38 46
38 48
38 51
38 52
38 53
38 58
38 61
38 65
38 66
38 74
38 79
38 85
38 91
38 94
38 96
38 100
38 101
38 107
38 109
38 111
38 118
38 121
38 127
38 129
38 135
38 138
38 143
38 145
38 147
38 155
38 156
38 158
38 163
38 164
38 165
38 177
38 179
38 180
38 183
38 188
39 51
39 53
39 70
39 109
39 118
39 155
39 156
39 167
39 179
39 186
41 95
41 106
41 114
42 116
43 44
43 46
43 48
43 51
43 52
43 53
43 58
43 61
43 65
43 66
43 69
43 74
43 79
43 91
43 94
43 96
43 100
43 101
43 107
43 111
43 118
43 121
43 127
43 129
43 135
43 138
43 143
43 145
43 147
43 156
43 158
43 163
43 164
43 165
43 177
43 179
43 180
43 183
43 188
44 46
44 48
44 51
44 52
44 53
44 58
44 61
44 65
44 66
44 69
44 74
44 79
44 85
44 86
44 87
44 91
44 94
44 96
44 100
44 101
44 107
44 109
44 111
44 118
44 121
44 127
44 129
44 135
44 138
44 143
44 145
44 147
44 156
44 158
44 163
44 164
44 167
44 177
44 179
44 180
44 181
44 183
44 188
46 48
46 51
46 52
46 53
46 58
46 61
46 65
46 66
46 69
46 74
46 79
46 87
46 91
46 94
46 96
46 100
46 101
46 107
46 109
46 111
46 118
46 121
46 127
46 129
46 135
46 138
46 143
46 145
46 147
46 156
46 158
46 163
46 164
46 167
46 177
46 179
46 180
46 181
46 183
46 188
48 51
48 52
48 53
48 58
48 61
48 65
48 66
48 69
48 74
48 79
48 85
48 87
48 91
48 94
48 96
48 100
48 101
48 107
48 109
48 111
48 118
48 121
48 127
48 129
48 135
48 138
48 143
48 145
48 147
48 156
48 158
48 163
48 164
48 167
48 177
48 179
48 180
48 181
48 183
48 188
51 53
51 61
51 65
51 66
51 74
51 79
51 86
51 87
51 91
51 96
51 100
51 101
51 107
51 109
51 111
51 118
51 121
51 127
51 129
51 131
51 135
51 138
51 145
51 147
51 156
51 163
51 165
51 167
51 177
51 179
51 180
51 181
51 183
51 186
51 188
52 53
52 58
52 65
52 66
52 85
52 87
52 100
52 107
52 118
52 121
52 127
52 129
52 135
52 138
52 143
52 144
52 147
52 155
52 156
52 158
52 163
52 164
52 167
52 177
52 183
52 188
53 61
53 65
53 66
53 79
53 87
53 91
53 96
53 100
53 101
53 107
53 109
53 111
53 118
53 121
53 127
53 129
53 135
53 138
53 143
53 144
53 145
53 147
53 155
53 156
53 158
53 163
53 164
53 177
53 179
53 180
53 183
53 188
55 104
55 176
56 113
56 119
56 157
58 61
58 65
58 69
58 74
58 79
58 85
58 91
58 94
58 96
58 101
58 107
58 111
58 121
58 127
58 129
58 138
58 143
58 145
58 147
58 150
58 155
58 156
58 158
58 163
58 164
58 177
58 180
58 181
58 183
58 188
59 68
59 117
60 105
60 166
61 65
61 66
61 69
61 74
61 79
61 85
61 87
61 91
61 96
61 100
61 101
61 107
61 109
61 118
61 121
61 127
61 129
61 135
61 138
61 145
61 147
61 156
61 163
61 164
61 167
61 177
61 179
61 180
61 181
61 183
61 188
62 182
64 128
64 136
65 66
65 69
65 74
65 79
65 91
65 94
65 96
65 100
65 101
65 107
65 109
65 111
65 118
65 121
65 127
65 129
65 131
65 135
65 138
65 143
65 145
65 147
65 155
65 156
65 158
65 163
65 164
65 165
65 177
65 179
65 180
65 183
65 188
66 86
66 91
66 96
66 107
66 109
66 118
66 121
66 129
66 135
66 138
66 143
66 144
66 147
66 155
66 156
66 158
66 163
66 164
66 167
66 177
66 179
66 180
66 183
68 117
69 74
69 79
69 91
69 96
69 107
69 129
69 138
69 143
69 145
69 147
69 150
69 155
69 156
69 163
69 167
69 177
69 179
69 180
69 181
69 183
69 186
70 155
72 76
72 82
72 88
72 149
72 151
72 160
73 162
73 184
74 79
74 91
74 94
74 96
74 100
74 101
74 107
74 111
74 121
74 127
74 129
74 135
74 138
74 143
74 145
74 147
74 150
74 156
74 163
74 164
74 167
74 177
74 179
74 180
74 183
74 188
76 82
76 88
76 149
76 151
76 160
77 83
77 90
77 173
78 86
78 115
78 135
78 152
79 91
79 94
79 96
79 100
79 101
79 107
79 109
79 111
79 118
79 121
79 127
79 129
79 135
79 138
79 143
79 145
79 147
79 155
79 156
79 163
79 164
79 177
79 179
79 180
79 183
79 188
82 149
82 160
83 90
83 173
85 87
85 100
85 101
85 107
85 121
85 127
85 129
85 138
85 147
85 158
85 164
85 181
85 183
86 87
86 91
86 109
86 115
86 121
86 135
86 137
86 138
86 152
86 178
86 180
87 100
87 107
87 109
87 118
87 121
87 127
87 129
87 138
87 147
87 158
87 167
87 183
87 188
88 149
88 151
88 160
90 173
91 94
91 96
91 100
91 101
91 107
91 109
91 111
91 118
91 121
91 127
91 129
91 131
91 135
91 137
91 138
91 143
91 145
91 147
91 155
91 156
91 163
91 164
91 165
91 171
91 177
91 178
91 179
91 180
91 183
91 188
92 110
92 168
93 99
93 126
93 148
93 169
94 96
94 101
94 107
94 111
94 121
94 127
94 129
94 138
94 143
94 145
94 147
94 155
94 156
94 163
94 164
94 177
94 180
94 183
94 188
95 106
95 114
96 100
96 101
96 107
96 111
96 118
96 121
96 127
96 129
96 135
96 138
96 143
96 145
96 147
96 155
96 156
96 163
96 164
96 165
96 177
96 179
96 180
96 183
96 188
98 112
99 126
99 148
99 169
100 101
100 107
100 109
100 111
100 118
100 121
100 127
100 129
100 135
100 138
100 143
100 145
100 147
100 156
100 158
100 163
100 164
100 177
100 179
100 180
100 183
100 188
101 107
101 111
101 118
101 121
101 127
101 129
101 131
101 135
101 138
101 143
101 145
101 147
101 155
101 156
101 163
101 164
101 177
101 179
101 180
101 183
101 188
102 142
104 176
105 157
105 166
105 172
106 114
107 109
107 111
107 118
107 121
107 127
107 129
107 135
107 138
107 143
107 145
107 147
107 156
107 158
107 163
107 164
107 167
107 177
107 179
107 180
107 181
107 183
107 188
109 111
109 118
109 121
109 127
109 129
109 131
109 135
109 138
109 145
109 147
109 155
109 156
109 164
109 171
109 177
109 179
109 180
109 183
109 188
110 168
111 118
111 121
111 127
111 129
111 135
111 138
111 143
111 145
111 147
111 155
111 156
111 163
111 164
111 177
111 179
111 180
111 183
111 188
113 119
113 157
115 135
115 152
118 121
118 127
118 129
118 135
118 138
118 143
118 144
118 145
118 147
118 155
118 156
118 158
118 163
118 164
118 177
118 179
118 180
118 183
118 188
119 157
119 175
121 127
121 129
121 135
121 138
121 143
121 145
121 147
121 156
121 158
121 163
121 164
121 167
121 177
121 179
121 180
121 181
121 183
121 188
126 148
126 169
127 129
127 135
127 138
127 143
127 145
127 147
127 152
127 156
127 158
127 163
127 164
127 165
127 167
127 177
127 180
127 183
127 188
128 136
129 135
129 138
129 143
129 145
129 147
129 156
129 158
129 163
129 164
129 167
129 177
129 179
129 180
129 181
129 183
129 188
131 155
131 156
131 180
131 186
135 138
135 144
135 145
135 147
135 156
135 158
135 163
135 164
135 165
135 167
135 171
135 177
135 179
135 180
135 183
135 188
137 155
137 156
137 178
137 180
138 143
138 144
138 145
138 147
138 156
138 158
138 163
138 164
138 165
138 167
138 177
138 179
138 180
138 181
138 183
138 188
141 142
143 145
143 147
143 150
143 155
143 156
143 158
143 163
143 164
143 177
143 180
143 183
143 188
144 147
144 158
145 147
145 155
145 156
145 163
145 164
145 177
145 179
145 180
145 183
145 188
147 152
147 156
147 158
147 163
147 164
147 165
147 171
147 177
147 179
147 180
147 183
147 188
148 169
149 151
149 160
150 155
150 163
150 177
150 188
151 160
155 156
155 158
155 163
155 177
155 178
155 179
155 180
155 188
156 158
156 163
156 164
156 177
156 178
156 179
156 180
156 183
156 188
158 163
158 164
158 167
158 177
158 183
158 188
159 170
162 184
163 164
163 177
163 180
163 183
163 188
164 177
164 179
164 180
164 183
164 188
165 171
165 179
165 180
167 174
167 179
167 181
167 183
171 179
171 180
177 180
177 183
177 188
178 180
179 180
179 183
180 183
180 188
181 183
183 188
